KDE RGB Palette
#
88 88 88 
88 88 88 
255 255 255 
29 29 29 
50 50 50 
112 128 144 
255 255 255 
47 79 79 
51 51 51 
255 255 0 
255 255 0 
255 255 0 
0 128 0 
0 255 0 
0 0 255 
0 0 196 
0 87 174 
0 153 102 
119 183 83 
0 140 0 
0 191 0 
0 67 138 
0 0 128 
0 0 191 
44 114 199 
71 110 50 
0 204 0 
0 192 0 
204 0 0 
255 0 0 
0 153 77 
77 153 0 
102 204 0 
0 43 54 
202 0 0 
255 0 0 
255 0 0 
224 0 0 
255 0 0 
130 0 0 
217 0 0 
0 0 0 
20 20 20 
9 32 41 
85 85 85 
85 85 85 
85 85 85 
0 43 54 
217 0 0 
0 187 0 
85 255 85 
187 187 0 
255 255 85 
0 116 255 
85 85 255 
187 0 187 
255 85 255 
0 187 187 
85 255 255 
187 187 187 
0 43 54 
9 32 41 
187 187 187 
48 48 48 
240 240 240 
93 93 93 
119 119 119 
221 221 221 
9 32 41 
30 33 254 
84 130 254 
